Correl 2:
L = 
[[-0.33333333  0.33333333  0.33333333  0.33333333]
 [ 0.33333333  0.          0.66666667  0.        ]
 [ 0.33333333  0.66666667  0.          0.        ]
 [ 0.33333333  0.          0.          0.66666667]]

Correl 3:
L =
[[0.   0.   0.   0.   0.   0.   0.   0.  ]
 [0.   0.   0.   0.   0.   0.   1.   0.  ]
 [0.   0.   0.   0.   0.   1.   0.   0.  ]
 [0.   0.   0.   0.   1.   0.   0.   0.  ]
 [0.   0.   0.   1.   0.   0.   0.   0.  ]
 [0.   0.   1.   0.   0.   0.   0.   0.  ]
 [0.   1.   0.   0.   0.   0.   0.   0.  ]
 [0.   0.   0.   0.   0.   0.   0.   0.25]]


Correl 4:
L =
[[ 0.          0.          0.          0.          0.          0.          0.          0.          0.          0.          0.          0.          0.          0.          0.          0.        ]
 [ 0.          0.         -0.08481105  0.          0.12818338  0.          0.130793    0.          0.06909138  0.          0.01571967  0.          0.2631542   0.          0.13235324  0.        ]
 [ 0.          0.11246359  0.          0.         -0.12818337  0.01571979  0.          0.          0.12818337  0.28441507  0.          0.          0.          0.14148096  0.          0.        ]
 [ 0.          0.          0.          0.08505936  0.          0.          0.          0.30676453  0.15327325  0.          0.          0.06860507  0.3862978   0.          0.          0.        ]
 [ 0.         -0.04556986  0.14879111  0.367283    0.          0.          0.          0.          0.00221367  0.04335618  0.04849382  0.1305741   0.          0.          0.          0.        ]
 [ 0.          0.          0.14232721  0.          0.          0.16261502  0.          0.03688361  0.17032924  0.          0.48784496  0.          0.          0.          0.          0.        ]
 [ 0.          0.0540918   0.          0.          0.          0.          0.21077659  0.14133163  0.          0.42084615  0.          0.          0.          0.          0.17295381  0.        ]
 [ 0.          0.          0.          0.08247443  0.          0.25139103  0.15111441  0.08090063  0.1105171   0.          0.          0.          0.          0.0197635   0.02240045  0.        ]
 [ 0.          0.04556985  0.04848339  0.07744147  0.10543529  0.02159362  0.22456742  0.110517    0.          0.          0.          0.          0.          0.          0.          0.        ]
 [ 0.          0.          0.03632767  0.          0.20199144  0.          0.20902946  0.          0.          0.12203437  0.          0.1829294   0.          0.24768766  0.          0.        ]
 [ 0.          0.35557508  0.          0.          0.25714163  0.21468454  0.          0.          0.          0.          0.09754207  0.04397533  0.          0.          0.03108135  0.        ]
 [ 0.          0.          0.          0.15122076  0.13057388  0.          0.          0.0329877   0.          0.          0.14428882  0.11478326  0.          0.          0.06311594  0.        ]
 [ 0.          0.          0.12148005  0.23652097  0.          0.          0.          0.          0.          0.          0.          0.          0.25480846  0.23566267  0.15152783  0.        ]
 [ 0.          0.          0.14148106  0.          0.          0.33399601  0.          0.00210309  0.          0.12934823  0.          0.06515788  0.02000619  0.07503372  0.          0.        ]
 [ 0.          0.13235335  0.          0.          0.          0.          0.07371912  0.00707322  0.          0.          0.20611063  0.03094545  0.07573334  0.04749761  0.10241673  0.        ]
 [ 0.          0.          0.          0.          0.          0.          0.          0.          0.          0.          0.          0.          0.          0.          0.          0.03731342]]
