LEDM 5 :
L = 
[[0.         0.25779762 0.05357838 0.02690156 0.00940339]
 [0.25887302 0.         0.21431377 0.02031655 0.02690162]
 [0.05551469 0.22205854 0.         0.21431354 0.05357844]
 [0.02005553 0.04167693 0.22205875 0.         0.25779731]
 [0.01020057 0.02005549 0.05551464 0.25887325 0.        ]]

LEDM 6 :
L =
[[0.         0.21035663 0.04330263 0.01636682 0.01010913 0.00294457]
 [0.21035666 0.         0.16611377 0.03253267 0.00847426 0.01010912]
 [0.04330262 0.16611379 0.         0.16895684 0.03253269 0.01636681]
 [0.01636682 0.03253265 0.16895676 0.         0.16611376 0.04330259]
 [0.01010913 0.00847425 0.03253267 0.16611354 0.         0.2103567 ]
 [0.00294457 0.01010913 0.01636683 0.0433026  0.21035651 0.        ]]

LEDM 7 :
L =
[[0.         0.17793862 0.03512847 0.01306393 0.00738798 0.00382831 0.00122736]
 [0.18060424 0.         0.13561425 0.02102743 0.01184316 0.00426594 0.00382832]
 [0.03634521 0.14321046 0.         0.133514   0.02663535 0.01184319 0.00738796]
 [0.01249018 0.02052317 0.14433299 0.         0.13351405 0.02102741 0.01306393]
 [0.00755695 0.01195585 0.02497587 0.14433298 0.         0.13561444 0.03512843]
 [0.00371982 0.00432932 0.01195585 0.02052311 0.14321031 0.         0.1779388 ]
 [0.00115088 0.00371982 0.00755695 0.01249022 0.03634525 0.18060402 0.        ]]

LEDM 8 :
L =
[[0.         0.15996144 0.03253127 0.01302936 0.00535366 0.00270837 0.00169327 0.00104829]
 [0.15996157 0.         0.11463459 0.01699684 0.00896837 0.00462394 0.00304547 0.00169327]
 [0.03253123 0.1146348  0.         0.10938707 0.02077915 0.0083129  0.00462394 0.00270837]
 [0.01302933 0.0169969  0.10938706 0.         0.12024326 0.02077919 0.00896837 0.00535364]
 [0.00535366 0.00896834 0.02077919 0.12024323 0.         0.10938701 0.01699693 0.01302938]
 [0.00270837 0.00462395 0.00831289 0.02077918 0.10938709 0.         0.1146347  0.03253125]
 [0.00169327 0.00304546 0.00462394 0.00896837 0.0169969  0.11463459 0.         0.15996194]
 [0.00104829 0.00169327 0.00270837 0.00535365 0.01302937 0.03253131 0.15996171 0.        ]]

LEDM 9 :
L =
[[0.         0.1353556  0.028654   0.01321843 0.00373334 0.00224353 0.00114556 0.00106326 0.00070574]
 [0.13173419 0.         0.09846817 0.01498061 0.00790147 0.00395165 0.00177921 0.00191729 0.00106327]
 [0.02882444 0.0950501  0.         0.09349623 0.02013867 0.00670816 0.00543811 0.00177929 0.0011455 ]
 [0.01359596 0.01476537 0.09207593 0.         0.08686842 0.02072321 0.00670845 0.00395143 0.00224363]
 [0.00408367 0.00776256 0.01919563 0.08678403 0.         0.08686866 0.02013815 0.00790179 0.00373324]
 [0.00224218 0.00385318 0.00684343 0.02065212 0.08678446 0.         0.09349633 0.01498032 0.01321825]
 [0.00116315 0.00181823 0.00530708 0.00684378 0.01919486 0.09207574 0.         0.09846849 0.02865401]
 [0.00108719 0.00182529 0.00181839 0.00385287 0.007763   0.01476438 0.09505057 0.         0.13535497]
 [0.00073179 0.00108719 0.00116306 0.00224236 0.00408353 0.01359611 0.02882407 0.13173433 0.        ]]

LEDM 10 :
L = 
[[0.         0.12365303 0.02457935 0.01177924 0.00337332 0.00249196 0.00064776 0.00074132 0.00070841 0.0004693 ]
 [0.12365531 0.         0.08446675 0.01449359 0.00640769 0.00357779 0.0016732  0.00094699 0.00118649 0.0007084 ]
 [0.02457887 0.08446836 0.         0.08086402 0.0226556  0.00414603 0.00431657 0.00162208 0.00094697 0.00074133]
 [0.01177931 0.01449371 0.08086554 0.         0.06765532 0.02601985 0.00231104 0.00431655 0.00167325 0.00064773]
 [0.00337327 0.00640785 0.02265543 0.06765745 0.         0.05979064 0.02601997 0.00414601 0.00357775 0.00249196]
 [0.00249194 0.00357781 0.00414587 0.02602    0.0597927  0.         0.06765514 0.02265595 0.00640774 0.00337326]
 [0.00064773 0.00167324 0.00431659 0.00231108 0.02602005 0.0676575  0.         0.08086399 0.01449372 0.01177925]
 [0.00074131 0.00094699 0.00162201 0.0043166  0.00414584 0.02265568 0.08086557 0.         0.0844668  0.02457948]
 [0.0007084  0.00118651 0.00094698 0.00167327 0.00357778 0.00640787 0.01449383 0.0844682  0.         0.12365341]
 [0.00046929 0.0007084  0.00074132 0.00064772 0.00249194 0.00337325 0.0117793  0.02457909 0.12365533 0.        ]]
