5-gon :
L = 
[[0.         0.         0.         0.         0.89442719]
 [0.89442719 0.         0.         0.         0.        ]
 [0.         0.89442719 0.         0.         0.        ]
 [0.         0.         0.89442719 0.         0.        ]
 [0.         0.         0.         0.89442719 0.        ]]

6-gon :
L = 
[[0.          0.          0.769798807 0.          0.192449863 0.         ]
 [0.          0.          0.          0.769798203 0.          0.192450028]
 [0.192449872 0.          0.          0.          0.769799031 0.         ]
 [0.          0.192450109 0.          0.          0.          0.769800485]
 [0.769800795 0.          0.192449820 0.          0.          0.         ]
 [0.          0.769800047 0.          0.192449577 0.          0.         ]]

7-gon :
L =
[[ 0.          0.          0.52082218  0.18116368 -0.01994515  0.07763322  0.16764253]
 [ 0.08579264  0.          0.          0.54427046  0.18308966 -0.06105117  0.12445397]
 [ 0.15178799  0.0155236   0.          0.          0.51005897  0.22991041 -0.08728719]
 [-0.0680634   0.15755715  0.02240107  0.          0.          0.42820906  0.25724441]
 [ 0.26301357 -0.07081428  0.14790225  0.09848179  0.          0.          0.35794002]
 [ 0.3648175   0.2533587  -0.08250867  0.1175765   0.1784057   0.          0.        ]
 [ 0.          0.44089825  0.22303294 -0.05946156  0.07570724  0.201854    0.        ]]


8-gon :
L = 
[[ 0.              0.              5.56528923e-01  8.26179784e-02  2.83143765e-02  1.07291609e-01 -1.06759401e-02  2.58720687e-01]
 [ 2.55840889e-01  0.              0.              5.47715009e-01  7.37081854e-02  3.50992936e-02  3.86156499e-02 -4.63029361e-03]
 [ 8.54520816e-03  2.54544095e-01  0.              0.              5.13200531e-01  5.72407901e-02  1.16806530e-01  4.47157794e-02]
 [ 4.76372436e-02 -5.93689602e-03  2.54081604e-01  0.              0.              5.14591861e-01  5.04129966e-02  6.06106407e-02]
 [ 1.14629347e-01  4.09627536e-02 -1.00556212e-02  3.04494240e-01  0.              0.              4.73629062e-01  5.13680328e-02]
 [ 6.05069252e-02  3.25531432e-02  1.08698707e-01 -5.79898827e-02  3.26660464e-01  0.              0.              5.09378456e-01]
 [ 5.07977666e-01  7.55126405e-02  2.77062892e-02  1.11025255e-01 -4.78973378e-02  3.27788055e-01  0.              0.            ]
 [ 0.              5.45365527e-01  8.19986395e-02  5.45369564e-04  1.08766080e-01 -5.72407901e-02  3.09076302e-01  0.            ]]

9-gon :
L = 
[[ 0.              0.              6.99306747e-01  2.44621233e-01  0.              6.47191561e-02  0.             -1.86104361e-02 -5.92160017e-03]
 [-5.92461211e-03  0.              0.              6.99308305e-01  2.44619852e-01  3.00484423e-06  6.47212142e-02  0.             -1.86095314e-02]
 [-1.86109355e-02 -5.92137600e-03  0.              0.              6.99306492e-01  2.44618820e-01  1.35255801e-06  6.47204011e-02  0.            ]
 [ 0.             -1.86112613e-02 -5.92021598e-03  0.              0.              6.99305180e-01  2.44619970e-01  0.              6.47215165e-02]
 [ 6.47206104e-02  0.             -1.86111464e-02 -5.92208144e-03  0.              0.              6.99305686e-01  2.44619245e-01  0.            ]
 [ 1.59998171e-06  6.47189851e-02  1.59941696e-06 -1.86126936e-02 -5.92120832e-03  0.              0.              6.99305170e-01  2.44620500e-01]
 [ 2.44621384e-01  0.              6.47224907e-02  1.17023504e-06 -1.86110018e-02 -5.92175027e-03  0.              0.              6.99304561e-01]
 [ 6.99308019e-01  2.44621692e-01 -1.09871596e-06  6.47212175e-02  0.             -1.86115937e-02 -5.92227379e-03  0.              0.            ]
 [ 0.              6.99306747e-01  2.44620797e-01  0.              6.47205245e-02  2.15912773e-06 -1.86109306e-02 -5.91964939e-03  0.            ]]

10-gon :
L =
[[ 0.          0.          0.87415371  0.14871404  0.05067738  0.01087477  0.08015593 -0.02385817  0.03719772 -0.07161853]
 [-0.07020206  0.          0.          0.87131533  0.14871228  0.02926841  0.01051567  0.05408096 -0.02509771  0.038806  ]
 [ 0.03612834 -0.07038265  0.          0.          0.87424416  0.14863848  0.05050316  0.0103499   0.08143079 -0.025019  ]
 [-0.02247214  0.03598539 -0.0704893   0.          0.          0.87588439  0.14915326  0.02811479  0.0105926   0.05375035]
 [ 0.08008112 -0.0224084   0.03606239 -0.07052898  0.          0.          0.88046824  0.14747596  0.05241709  0.00862497]
 [ 0.00847828  0.05381433 -0.02500816  0.03895208 -0.0719162   0.          0.          0.87979233  0.14567562  0.03249903]
 [ 0.05259686  0.01051953  0.08143546 -0.02524975  0.03734364 -0.07522683  0.          0.          0.88053738  0.14567373]
 [ 0.14737239  0.02818357  0.0104209   0.05422925 -0.02401337  0.03839644 -0.07742682  0.          0.          0.87950874]
 [ 0.88025133  0.1491595   0.05040813  0.0104496   0.08022663 -0.02338727  0.03623878 -0.07738211  0.          0.        ]
 [ 0.          0.87572537  0.14874015  0.02928106  0.01087426  0.05416209 -0.02328336  0.03825833 -0.07510239  0.        ]]

11-gon :
L =
[[0.         0.         0.32013218 0.15195678 0.00438462 0.03640947 0.01335158 0.03641038 0.00438302 0.08333875 0.48298113]
 [0.48298055 0.         0.         0.32013319 0.15195459 0.00438406 0.03640852 0.01335057 0.03641106 0.00438446 0.08334074]
 [0.08333713 0.48298175 0.         0.         0.3201361  0.15195665 0.00438527 0.03640834 0.01335153 0.03640679 0.00438433]
 [0.00438418 0.08333916 0.48298039 0.         0.         0.32013729 0.15195575 0.00438445 0.03641033 0.01335136 0.03641132]
 [0.03640952 0.0043841  0.08334016 0.48298072 0.         0.         0.32013575 0.1519555  0.0043842  0.03640858 0.01335021]
 [0.01335215 0.03640769 0.00438569 0.08333652 0.48298107 0.         0.         0.32013489 0.15195743 0.00438415 0.03641002]
 [0.03640856 0.01335184 0.03640889 0.00438595 0.08333888 0.48297927 0.         0.         0.32013678 0.15195555 0.00438445]
 [0.00438371 0.03640897 0.01335139 0.03640861 0.00438547 0.08333828 0.48297944 0.         0.         0.32013657 0.15195616]
 [0.15195662 0.00438581 0.03640779 0.01335259 0.03640748 0.00438519 0.08333792 0.48298098 0.         0.         0.32013691]
 [0.32013386 0.151954   0.00438583 0.03640936 0.01335185 0.03641061 0.00438445 0.08334106 0.48297995 0.         0.        ]
 [0.         0.32013203 0.15195557 0.00438366 0.03640911 0.01335134 0.03640795 0.00438418 0.08333887 0.4829835  0.        ]]

12-gon :
L =
[[ 0.              0.              2.69795172e-01  8.15081535e-02 -7.21524168e-03  4.48849085e-02  3.11773319e-06  3.23211625e-02  2.12261533e-02  1.21128933e-02  1.51237690e-01  6.30013247e-01]
 [ 6.30016424e-01  0.              0.              2.69796311e-01  8.15070919e-02 -7.21453510e-03  4.48832987e-02  3.62245476e-06  3.23196454e-02  2.12284604e-02  1.21122963e-02  1.51237291e-01]
 [ 1.51236495e-01  6.30017577e-01  0.              0.              2.69796958e-01  8.15078779e-02 -7.21435771e-03  4.48857198e-02  2.99650242e-06  3.23202798e-02  2.12268994e-02  1.21142965e-02]
 [ 1.21136765e-02  1.51238341e-01  6.30021153e-01  0.              0.              2.69794402e-01  8.15078504e-02 -7.21554272e-03  4.48844262e-02  3.50730073e-06  3.23201703e-02  2.12265063e-02]
 [ 2.12269090e-02  1.21127571e-02  1.51238165e-01  6.30019845e-01  0.              0.              2.69794863e-01  8.15085148e-02 -7.21412583e-03  4.48848926e-02  3.59270721e-06  3.23203427e-02]
 [ 3.23203113e-02  2.12268174e-02  1.21123277e-02  1.51239069e-01  6.30021923e-01  0.              0.              2.69794753e-01  8.15071684e-02 -7.21520060e-03  4.48847147e-02  2.54791528e-06]
 [ 2.09465563e-06  3.23213568e-02  2.12277689e-02  1.21128337e-02  1.51238269e-01  6.30016866e-01  0.              0.              2.69798725e-01  8.15094021e-02 -7.21692237e-03  4.48862376e-02]
 [ 4.48843436e-02  2.67764181e-06  3.23193957e-02  2.12266480e-02  1.21135683e-02  1.51238630e-01  6.30016968e-01  0.              0.              2.69800735e-01  8.15085526e-02 -7.21538768e-03]
 [-7.21537066e-03  4.48859242e-02  3.04156101e-06  3.23226409e-02  2.12262077e-02  1.21143502e-02  1.51238503e-01  6.30016263e-01  0.              0.              2.69799905e-01  8.15080651e-02]
 [ 8.15064958e-02 -7.21488546e-03  4.48836789e-02  1.60984368e-06  3.23196360e-02  2.12273081e-02  1.21131310e-02  1.51239711e-01  6.30019120e-01  0.              0.              2.69797632e-01]
 [ 2.69795844e-01  8.15065684e-02 -7.21470257e-03  4.48867773e-02  3.68850358e-06  3.23202965e-02  2.12273793e-02  1.21120760e-02  1.51238759e-01  6.30013607e-01  0.              0.            ]
 [ 0.00000000e+00  2.69794364e-01  8.15064942e-02 -7.21649480e-03  4.48836582e-02  3.89135313e-06  3.23197833e-02  2.12272366e-02  1.21136250e-02  1.51238861e-01  6.30014384e-01  0.            ]]
