Cuboctahedron:
L =
[[ 1.23408680e-01  1.13913563e-02  3.72827708e-02  0.              0.              2.42939201e-02  3.75857578e-02  0.              8.85011443e-02  4.07921318e-02  1.98639637e-02  0.              1.62304960e-01  1.25756353e-02]
 [ 0.              6.68728542e-02  1.39602898e-01  0.             -8.15138633e-03  4.44958213e-02 -1.81565931e-02  6.32170118e-02  3.47328187e-02  1.49965040e-02  7.51771201e-02  0.              0.              1.66146563e-01]
 [-1.25652206e-03  0.              9.24765428e-02  0.             -1.35086420e-02  4.85828241e-02  2.47571019e-02  0.              0.             -5.69679211e-03  8.24416372e-03  1.84714773e-01  1.17857030e-01  4.24212448e-02]
 [ 0.              2.67856468e-02  3.36199939e-02  1.41488891e-01  0.              1.09508649e-01  5.51878244e-03  4.70006912e-02  2.14077257e-02  1.53926604e-01  6.85218257e-03  0.              5.14696749e-02  0.            ]
 [ 9.86647783e-02  0.              3.06887429e-02  1.95406662e-01  0.             -1.35525443e-02  1.81542783e-01  0.              1.14978432e-01  0.             -7.41129405e-03  2.01782481e-02 -2.48225964e-02 -3.62047764e-02]
 [ 1.04298067e-01 -1.79646242e-02  0.              0.              9.97588383e-02  5.92617243e-02  8.96488330e-02 -5.68888674e-03  0.              5.31881963e-03  1.61542976e-01 -4.10482147e-02  0.             -2.84860089e-02]
 [-9.74082639e-02  2.87487808e-01  5.43154061e-02 -1.54716530e-02  0.              0.              4.34423423e-02  1.69097121e-01 -5.61405444e-02  0.             -8.33265117e-04  2.30923511e-01  4.39261229e-02  0.            ]
 [ 0.              5.32982975e-02  0.             -4.26482010e-02 -5.97536311e-04  1.68717456e-01  1.26378107e-02  3.22732300e-02  1.29482291e-02  2.86166217e-03  0.              1.18071271e-01  0.              1.68757543e-01]
 [ 6.56786124e-02  0.              0.              6.74349064e-02  3.04290211e-02  4.15125893e-02  0.              5.94848012e-02  0.              6.07476459e-03  1.57318638e-01  1.17248189e-02  5.70947089e-02  2.12516177e-02]
 [ 0.              3.60270572e-03 -4.76326525e-02  8.30670076e-02  2.58488376e-01  0.              9.92553240e-02 -3.36530360e-02  4.31923060e-02  2.06721921e-01  0.             -4.13835283e-02 -1.02391508e-02  0.            ]
 [ 2.42611268e-02  0.              1.69956382e-01  5.84780189e-02  3.41011740e-02  0.              0.              1.05297521e-01  8.55085982e-02  0.              5.11883395e-02  4.16311964e-03  1.73301024e-04  1.74126727e-02]
 [ 7.45778272e-02  2.10080639e-02  0.              3.58347918e-02  5.23337235e-02  0.              0.              1.41852250e-02  5.90267111e-02  8.32825842e-02  0.              2.52807781e-02  3.68256147e-02  1.62807902e-01]]

 No availible L for 24-cell, Icosidodecahedron and Dodecahedron.
